Aborted initial experiment. Used to compare consistency with other experiment.


Compiling 1 source files to /home/ubuntu/mzero/target/classes
Te-impl-speed Experiment -  #inst "2021-01-15T17:44:40.506-00:00"
Board size  25
Nb xps per param  100 


[163]
[201]
[128]
[429]
[695]
[289]
[705]
[430]
[615]
[695]
[993]
[509]
[521]
[439]
[959]
[795]
[1505]
[1629]
[1330]
[1551]
[1321]
[1271]
[1550]
[1311]
[1320]
[381]
[1946]
[1574]
[447]
[1444]
[1512]
[2995]
[1863]
[1279]
[2805]
[3508]
[2808]
[118]
[202]
[587]
[605]
[1130]
[2137]
[2306]
[7421]
[139]
[309]
[1124]
[19163]
[188]
[439]
[260]
[182]
[292]
[288]
[318]
[350]
[360]
[523]
[509]
[392]
[289]
[902]
[521]
[997]
[711]
[463]
[1328]
[1266]
[1161]
[624]
[696]
[1184]
[2272]
[1770]
[1799]
[1231]
[1549]
[654]
[1332]
[1740]
[1680]
[1167]
[1323]
[1419]
[2215]
[2458]
[2899]
[1902]
[3411]
[3411]
[2306]
[3768]
[1554]
[143]
[175]
[2850]
[1296]
[2446]
[4376]
---
Xp 'Steps'
Data tree-exploration/te-node []
---

Steps 0 (100 measures)
---
Mean 1,465.46 +- 351.662
Std 2,110.82
Sum 146,546
---
Time:  488843.69603
Time (Average per game):  4888.4369603 


[182]
[201]
[240]
[128]
[429]
[695]
[289]
[430]
[728]
[615]
[695]
[521]
[509]
[631]
[439]
[951]
[795]
[1505]
[1330]
[797]
[1625]
[1551]
[1533]
[1321]
[1271]
[1319]
[1550]
[1311]
[381]
[447]
[1568]
[1444]
[1902]
[2171]
[2995]
[118]
[139]
[202]
[309]
[587]
[1279]
[605]
[763]
[3276]
[1124]
[2808]
[2132]
[2306]
[19163]
[188]
[260]
[182]
[439]
[292]
[286]
[288]
[254]
[306]
[345]
[350]
[239]
[360]
[523]
[392]
[289]
[902]
[467]
[997]
[711]
[463]
[1328]
[1266]
[624]
[1184]
[696]
[1629]
[1770]
[1799]
[1231]
[654]
[1332]
[1740]
[2143]
[1680]
[1323]
[1419]
[2214]
[3331]
[2458]
[2899]
[2142]
[3411]
[2306]
[1554]
[3768]
[143]
[180]
[2850]
[2388]
[2446]
---
Xp 'Steps'
Data tree-exploration/te-node ["wall-fix"]
---

Steps 0 (100 measures)
---
Mean 1,317.51 +- 335.111
Std 2,011.47
Sum 131,751
---
Time:  454878.395603
Time (Average per game):  4548.78395603 


[169]
[152]
[139]
[171]
[155]
[165]
[208]
[192]
[168]
[197]
[214]
[195]
[246]
[230]
[373]
[240]
[285]
[223]
[219]
[317]
[475]
[394]
[490]
[514]
[614]
[154]
[390]
[955]
[1020]
[1110]
[175]
[1160]
[1006]
[1769]
[1769]
[2186]
[2171]
[135]
[163]
[156]
[150]
[153]
[226]
[225]
[294]
[286]
[2810]
[148]
[161]
[165]
[223]
[1006]
[226]
[251]
[285]
[323]
[296]
[636]
[532]
[690]
[970]
[5867]
[125]
[133]
[143]
[160]
[155]
[174]
[183]
[173]
[153]
[178]
[224]
[261]
[381]
[175]
[303]
[275]
[291]
[236]
[394]
[432]
[415]
[425]
[397]
[360]
[367]
[574]
[584]
[498]
[887]
[639]
[754]
[1315]
[1363]
[1325]
[1202]
[1934]
[4376]
[8768]
---
Xp 'Steps'
Data tree-exploration/te-node ["random-min"]
---

Steps 0 (100 measures)
---
Mean 677.190 +- 194.845
Std 1,169.54
Sum 67,719.0
---
Time:  378380.643518
Time (Average per game):  3783.8064351800003 


[119]
[161]
[190]
[173]
[167]
[179]
[189]
[236]
[176]
[182]
[224]
[191]
[243]
[336]
[298]
[243]
[145]
[255]
[345]
[354]
[323]
[279]
[335]
[412]
[1326]
[251]
[259]
[524]
[626]
[703]
[146]
[177]
[152]
[186]
[1274]
[1020]
[1354]
[1181]
[1167]
[626]
[1160]
[693]
[120]
[125]
[141]
[1516]
[459]
[277]
[2812]
[126]
[123]
[145]
[143]
[130]
[132]
[142]
[175]
[148]
[176]
[148]
[165]
[221]
[263]
[229]
[271]
[207]
[232]
[296]
[195]
[276]
[227]
[300]
[230]
[277]
[273]
[447]
[264]
[306]
[487]
[505]
[475]
[926]
[610]
[790]
[1000]
[620]
[791]
[1192]
[977]
[1014]
[1352]
[1204]
[1489]
[1490]
[175]
[220]
[456]
[1885]
[786]
[2954]
---
Xp 'Steps'
Data tree-exploration/te-node ["wall-fix" "random-min"]
---

Steps 0 (100 measures)
---
Mean 516.950 +- 89.1794
Std 535.291
Sum 51,695.0
---
Time:  293108.237545
Time (Average per game):  2931.0823754499997 


[126]
[138]
[189]
[131]
[212]
[195]
[225]
[199]
[225]
[247]
[284]
[320]
[256]
[312]
[229]
[334]
[207]
[375]
[450]
[463]
[488]
[593]
[954]
[1408]
[1111]
[1040]
[1199]
[1125]
[148]
[424]
[2063]
[134]
[149]
[253]
[400]
[392]
[303]
[1772]
[123]
[135]
[181]
[243]
[3433]
[1760]
[6063]
[6816]
