Compiling 1 source files to /home/ubuntu/mzero/target/classes
Te-impl-speed Experiment -  #inst "2021-01-16T07:51:00.219-00:00"
Board size  25
Nb xps per param  100 


[163]
[201]
[128]
[429]
[695]
[289]
[705]
[430]
[695]
[615]
[993]
[509]
[521]
[439]
[959]
[795]
[1505]
[1629]
[1330]
[1551]
[1321]
[1271]
[1550]
[1311]
[1320]
[381]
[1946]
[1574]
[447]
[1444]
[1512]
[1863]
[2995]
[1279]
[2805]
[3508]
[2808]
[118]
[202]
[587]
[605]
[1130]
[2137]
[2306]
[7421]
[139]
[309]
[1124]
[19163]
[188]
[439]
[260]
[182]
[292]
[288]
[318]
[350]
[360]
[523]
[509]
[392]
[289]
[902]
[521]
[997]
[711]
[463]
[1328]
[1266]
[1161]
[624]
[696]
[1184]
[2272]
[1770]
[1799]
[1231]
[1549]
[654]
[1332]
[1740]
[1680]
[1167]
[1323]
[1419]
[2215]
[2458]
[2899]
[1902]
[3411]
[3411]
[2306]
[3768]
[1554]
[143]
[175]
[2850]
[1296]
[2446]
[4376]
---
Xp 'Steps'
Data tree-exploration/te-node []
---

Steps 0 (100 measures)
---
Mean 1,465.46 +- 351.662
Std 2,110.82
Sum 146,546
---
Time:  533653.568103
Time (Average per game):  5336.535681030001 


[182]
[201]
[240]
[128]
[429]
[695]
[289]
[430]
[728]
[615]
[695]
[509]
[631]
[521]
[439]
[951]
[795]
[1505]
[797]
[1330]
[1625]
[1533]
[1271]
[1551]
[1321]
[1319]
[1550]
[1311]
[381]
[447]
[1568]
[1444]
[1902]
[2171]
[2995]
[118]
[139]
[202]
[309]
[587]
[1279]
[763]
[605]
[3276]
[1124]
[2808]
[2132]
[2306]
[19163]
[188]
[260]
[182]
[286]
[439]
[254]
[292]
[288]
[306]
[345]
[350]
[239]
[360]
[523]
[392]
[289]
[902]
[467]
[997]
[711]
[463]
[1328]
[1266]
[624]
[1184]
[696]
[1629]
[1770]
[1799]
[1231]
[654]
[1332]
[1740]
[2143]
[1680]
[1323]
[1419]
[2214]
[2458]
[3331]
[2899]
[2142]
[3411]
[2306]
[1554]
[3768]
[143]
[180]
[2850]
[2388]
[2446]
---
Xp 'Steps'
Data tree-exploration/te-node ["wall-fix"]
---

Steps 0 (100 measures)
---
Mean 1,317.51 +- 335.111
Std 2,011.47
Sum 131,751
---
Time:  486008.159892
Time (Average per game):  4860.08159892 


[152]
[155]
[169]
[171]
[139]
[165]
[192]
[208]
[197]
[214]
[168]
[195]
[246]
[230]
[373]
[240]
[285]
[223]
[219]
[317]
[475]
[394]
[490]
[514]
[614]
[154]
[390]
[955]
[1020]
[1110]
[175]
[1160]
[1006]
[1769]
[1769]
[2186]
[2171]
[135]
[163]
[156]
[150]
[153]
[226]
[225]
[294]
[286]
[2810]
[148]
[161]
[165]
[223]
[226]
[251]
[1006]
[285]
[323]
[296]
[636]
[532]
[690]
[970]
[5867]
[125]
[133]
[143]
[160]
[155]
[174]
[153]
[224]
[173]
[183]
[261]
[178]
[381]
[175]
[275]
[303]
[291]
[236]
[394]
[432]
[415]
[425]
[397]
[360]
[367]
[584]
[574]
[498]
[887]
[639]
[754]
[1315]
[1363]
[1325]
[1202]
[1934]
[4376]
[8768]
---
Xp 'Steps'
Data tree-exploration/te-node ["random-min"]
---

Steps 0 (100 measures)
---
Mean 677.190 +- 194.845
Std 1,169.54
Sum 67,719.0
---
Time:  415107.395224
Time (Average per game):  4151.07395224 


[119]
[173]
[161]
[167]
[190]
[179]
[189]
[236]
[176]
[224]
[182]
[191]
[243]
[298]
[336]
[243]
[255]
[145]
[345]
[354]
[323]
[279]
[335]
[412]
[1326]
[524]
[251]
[259]
[626]
[703]
[146]
[177]
[152]
[186]
[1274]
[1020]
[1354]
[1181]
[1167]
[626]
[1160]
[693]
[120]
[125]
[141]
[1516]
[459]
[277]
[2812]
[126]
[123]
[132]
[143]
[145]
[142]
[130]
[175]
[176]
[148]
[148]
[165]
[221]
[271]
[263]
[229]
[207]
[232]
[296]
[195]
[276]
[227]
[230]
[300]
[277]
[273]
[447]
[264]
[306]
[487]
[505]
[475]
[926]
[610]
[790]
[1000]
[620]
[791]
[1192]
[977]
[1014]
[1352]
[1204]
[1489]
[1490]
[175]
[220]
[456]
[1885]
[786]
[2954]
---
Xp 'Steps'
Data tree-exploration/te-node ["wall-fix" "random-min"]
---

Steps 0 (100 measures)
---
Mean 516.950 +- 89.1794
Std 535.291
Sum 51,695.0
---
Time:  323405.59443
Time (Average per game):  3234.0559443 


[138]
[126]
[131]
[189]
[212]
[195]
[225]
[199]
[225]
[284]
[247]
[320]
[256]
[312]
[229]
[334]
[207]
[375]
[450]
[463]
[488]
[593]
[954]
[1408]
[1199]
[1040]
[1111]
[1125]
[148]
[424]
[2063]
[134]
[149]
[253]
[400]
[392]
[303]
[1772]
[123]
[135]
[181]
[243]
[3433]
[1760]
[6063]
[6816]
[50000]
[162]
[156]
[50000]
[108]
[135]
[128]
[128]
[116]
[128]
[117]
[164]
[134]
[113]
[191]
[160]
[155]
[162]
[186]
[267]
[241]
[293]
[296]
[290]
[288]
[517]
[296]
[267]
[418]
[640]
[642]
[617]
[681]
[600]
[765]
[736]
[741]
[685]
[1273]
[938]
[953]
[1172]
[1480]
[1583]
[1113]
[1763]
[1543]
[1699]
[278]
[339]
[442]
[3284]
[1152]
[4376]
---
Xp 'Steps'
Data java-dag/java-dag-node []
---

Steps 0 (100 measures)
---
Mean 1,729.38 +- 1,168.91
Std 7,016.28
Sum 172,938
---
Time:  1245739.636866
Time (Average per game):  12457.39636866 


[123]
[137]
[160]
[126]
[134]
[130]
[175]
[134]
[155]
[148]
[154]
[160]
[152]
[165]
[240]
[253]
[147]
[229]
[239]
[244]
[251]
[354]
[436]
[427]
[471]
[551]
[672]
[619]
[660]
[164]
[714]
[701]
[634]
[1120]
[1021]
[1269]
[120]
[139]
[137]
[137]
[150]
[1521]
[108]
[121]
[116]
[124]
[128]
[135]
[137]
[137]
[128]
[146]
[159]
[162]
[207]
[229]
[275]
[444]
[517]
[429]
[1156]
[1095]
[1178]
[4446]
[109]
[118]
[124]
[121]
[109]
[131]
[131]
[132]
[145]
[167]
[149]
[154]
[169]
[166]
[166]
[181]
[188]
[180]
[231]
[236]
[280]
[282]
[326]
[277]
[358]
[334]
[503]
[688]
[898]
[1160]
[50000]
[167]
[330]
[368]
[915]
[50000]
---
Xp 'Steps'
Data java-dag/java-dag-node ["wall-fix"]
---

Steps 0 (100 measures)
---
Mean 1,372.43 +- 1,166.34
Std 7,000.84
Sum 137,243
---
Time:  1421791.981865
Time (Average per game):  14217.91981865 


[161]
[134]
[130]
[122]
[147]
[127]
[140]
[129]
[131]
[144]
[122]
[141]
[125]
[132]
[175]
[131]
[127]
[213]
[186]
[222]
[194]
[117]
[344]
[396]
[378]
[303]
[233]
[186]
[348]
[403]
[293]
[383]
[131]
[132]
[155]
[146]
[156]
[118]
[118]
[135]
[611]
[178]
[288]
[973]
[604]
[717]
[549]
[694]
[121]
[622]
[108]
[109]
[112]
[126]
[131]
[159]
[112]
[134]
[124]
[166]
[132]
[136]
[117]
[115]
[195]
[130]
[129]
[132]
[133]
[141]
[144]
[116]
[147]
[170]
[169]
[143]
[131]
[209]
[172]
[250]
[195]
[150]
[235]
[229]
[165]
[462]
[340]
[275]
[273]
[535]
[579]
[152]
[187]
[955]
[793]
[1255]
[1116]
[1171]
[1799]
[1826]
---
Xp 'Steps'
Data java-dag/java-dag-node ["random-min"]
---

Steps 0 (100 measures)
---
Mean 299.490 +- 54.5014
Std 327.139
Sum 29,949.0
---
Time:  169558.175926
Time (Average per game):  1695.58175926 


[127]
[121]
[143]
[126]
[115]
[127]
[117]
[130]
[134]
[125]
[123]
[120]
[123]
[131]
[124]
[143]
[129]
[140]
[141]
[145]
[154]
[154]
[151]
[177]
[176]
[186]
[115]
[218]
[201]
[129]
[292]
[251]
[272]
[264]
[293]
[341]
[121]
[117]
[120]
[116]
[127]
[125]
[135]
[142]
[144]
[144]
[162]
[150]
[112]
[135]
[705]
[114]
[108]
[109]
[122]
[118]
[115]
[111]
[116]
[110]
[125]
[117]
[135]
[127]
[131]
[133]
[128]
[134]
[132]
[137]
[132]
[141]
[121]
[138]
[136]
[134]
[139]
[147]
[151]
[153]
[159]
[140]
[152]
[154]
[142]
[169]
[187]
[213]
[199]
[213]
[173]
[209]
[331]
[142]
[143]
[158]
[368]
[513]
[657]
[1180]
---
Xp 'Steps'
Data java-dag/java-dag-node ["wall-fix" "random-min"]
---

Steps 0 (100 measures)
---
Mean 178.290 +- 23.3049
Std 139.885
Sum 17,829.0
---
Time:  186592.06676
Time (Average per game):  1865.9206676 


[111]
[129]
[123]
[150]
[131]
[132]
[143]
[130]
[140]
[150]
[159]
[160]
[160]
[156]
[166]
[166]
[197]
[195]
[225]
[229]
[246]
[229]
[312]
[324]
[496]
[418]
[430]
[482]
[126]
[139]
[147]
[530]
[165]
[609]
[123]
[118]
[131]
[135]
[124]
[138]
[149]
[148]
[162]
[685]
[249]
[1195]
[6816]
[127]
[133]
[138]
[282]
[50000]
[115]
[108]
[109]
[109]
[121]
[119]
[118]
[140]
[142]
[132]
[129]
[131]
[131]
[134]
[142]
[142]
[169]
[160]
[165]
[150]
[164]
[200]
[214]
[217]
[272]
[267]
[277]
[272]
[275]
[380]
[519]
[612]
[612]
[704]
[922]
[1093]
[1105]
[1517]
[2903]
[50000]
[135]
[132]
[947]
[50000]
[50000]
[50000]
[50000]
[50000]
---
Xp 'Steps'
Data dag-node/dag-node ["wall-fix"]
---

Steps 0 (100 measures)
---
Mean 3,850.63 +- 2,123.63
Std 12,746.9
Sum 385,063
---
Time:  4398365.639795
Time (Average per game):  43983.65639795 


[122]
[147]
[131]
[175]
[118]
[127]
[173]
[145]
[140]
[213]
[268]
[164]
[126]
[159]
[154]
[139]
[187]
[196]
[163]
[188]
[248]
[240]
[117]
[398]
[364]
[601]
[331]
[310]
[430]
[356]
[722]
[514]
[125]
[120]
[118]
[118]
[152]
[131]
[189]
[705]
[193]
[184]
[166]
[268]
[631]
[1173]
[700]
[108]
[109]
[124]
[128]
[112]
[167]
[115]
[117]
[109]
[143]
[152]
[143]
[136]
[149]
[153]
[136]
[136]
[138]
[152]
[150]
[147]
[134]
[213]
[185]
[165]
[185]
[145]
[338]
[169]
[205]
[208]
[702]
[168]
[378]
[518]
[269]
[725]
[338]
[275]
[386]
[132]
[527]
[629]
[769]
[292]
[1539]
[933]
[1170]
[1323]
[1025]
[1828]
[3270]
[8761]
---
Xp 'Steps'
Data dag-node/dag-node ["random-min"]
---

Steps 0 (100 measures)
---
Mean 435.670 +- 157.917
Std 947.883
Sum 43,567.0
---
Time:  315287.296298
Time (Average per game):  3152.8729629799996 


[128]
[124]
[121]
[115]
[137]
[122]
[118]
[117]
[127]
[123]
[129]
[134]
[124]
[131]
[123]
[132]
[140]
[161]
[142]
[147]
[134]
[156]
[172]
[153]
[191]
[214]
[115]
[201]
[121]
[247]
[228]
[293]
[324]
[290]
[118]
[125]
[119]
[116]
[131]
[132]
[138]
[135]
[144]
[144]
[148]
[158]
[570]
[595]
[112]
[137]
[697]
[117]
[109]
[108]
[122]
[113]
[118]
[111]
[127]
[117]
[116]
[117]
[131]
[134]
[127]
[129]
[134]
[131]
[130]
[141]
[132]
[136]
[143]
[139]
[147]
[135]
[145]
[133]
[167]
[179]
[169]
[180]
[173]
[174]
[164]
[169]
[262]
[219]
[273]
[239]
[279]
[297]
[132]
[165]
[165]
[426]
[386]
[628]
[960]
[1519]
---
Xp 'Steps'
Data dag-node/dag-node ["wall-fix" "random-min"]
---

Steps 0 (100 measures)
---
Mean 199.200 +- 31.4897
Std 189.014
Sum 19,920.0
---
Time:  238106.774494
Time (Average per game):  2381.06774494 


